[Variables]
nozzle_expansion_applied_offset = 0.15112500000249252
nozzle_expansion_coefficient = 0.11625000000191732

