[Variables]
nozzle_expansion_applied_offset = 0.12787500000210905
nozzle_expansion_coefficient = 0.11625000000191732

